2098883314155983114106450922059427712997496468026152932043452799627943296438
7967066268427213287750297428601663215026313927907327165051020467178192276599
19720068962213199363276781475519652596904193727190145897825913726016867692886
16863933432911027664484594692025533916641767326155357277314639840108656905870
4970934954394094539658903812797686980550372223330794869819632544040372268696
9350382883001581998041859341967356605144009580432429501442680246793066513066
5706512684839238792962790366413209425990396907001241444722036551943670050236
16519587548727447314707062266956491843527029762835352291048461407775647312745
1196124911416615513098700396666440509364268574949235314491666394203564895517
4714508279034718279408686099847262446505955243912574812060825034417666193579
21831209119361315191520688252373983659356189714762567895701006845331751404859
2754882640178426143360008208369836556823904531440150984384822696918933755033
5557260662608411172712386228740879720768573434348166100581600101248137602868
10129962924608378354896025406274540459920861371701389458025682665927621738863
17124081275094365345196900313047861039334875519123562862617607675287676612103
2139010767024367452573631080975659789509532832832509597898845957980488358689
16900116221968075879500385464994772729662102894210627265123622821535547385892
18233309149065834037831902012292589144233184965099776824498367779532050802436
1720546638351416512969085691068341771445643810812603757751646403067241202587
692638797004579259015609462728353807055471803819528437430245323197355225948